general:
  camera_intrinsic_calibration: "camera_params.yaml"

camera_matrix:
  rows: 3
  cols: 3
  data: [[1096.8426513671875, 0.0, 966.50048828125],
          [0.0, 1096.8426513671875, 523.282958984375],
          [0.0, 0.0, 1.0]]

distortion_coefficients:
  rows: 1
  cols: 5
  data: [0.0, 0.0, 0.0, 0.0, 0.0]

image_width: 1920
image_height: 1080

rectification_matrix:
  rows: 3
  cols: 3
  data: [1.0, 0.0, 0.0,
          0.0, 1.0, 0.0,
          0.0, 0.0, 1.0]

projection_matrix:
  rows: 3
  cols: 4
  data: [1096.8426513671875, 0.0, 966.50048828125, 0.0,
          0.0, 1096.8426513671875, 523.282958984375, 0.0,
          0.0, 0.0, 1.0, 0.0]
