general:
  camera_intrinsic_calibration: "camera_params.yaml"

image_width: 1280
image_height: 720

camera_matrix:
  rows: 3
  cols: 3
  data: [
    [1036.0054931640625, 0.0, 649.298583984375],
    [0.0, 1035.6851806640625, 353.0562744140625],
    [0.0, 0.0, 1.0]
  ]

distortion_coefficients:
  rows: 1
  cols: 8
  data: [
    25.160186767578125,
    -232.32623291015625,
    0.00017034111078828573,
    0.0004129884182475507,
    620.6304321289062,
    24.676939010620117,
    -228.82296752929688,
    611.3988647460938
  ]

rectification_matrix:
  rows: 3
  cols: 3
  data: [
    1.0, 0.0, 0.0,
    0.0, 1.0, 0.0,
    0.0, 0.0, 1.0
  ]

projection_matrix:
  rows: 3
  cols: 4
  data: [
    1036.0054931640625, 0.0, 649.298583984375, 0.0,
    0.0, 1035.6851806640625, 353.0562744140625, 0.0,
    0.0, 0.0, 1.0, 0.0
  ]
