general:
  camera_intrinsic_calibration: "camera_params.yaml"

image_width: 768
image_height: 480

camera_matrix:
  rows: 3
  cols: 3
  data: [
    [456.1012268066406, 0.0, 371.705322265625],
    [0.0, 455.8420104980469, 242.5589599609375],
    [0.0, 0.0, 1.0]
  ]

distortion_coefficients:
  rows: 1
  cols: 8
  data: [
    0.7664821743965149,
    -1.782891035079956,
    -0.000021605344954878092,
    0.00024785049026831985,
    0.23572221398353577,
    0.714806079864502,
    -1.6558401584625244,
    0.1623915433883667
  ]

rectification_matrix:
  rows: 3
  cols: 3
  data: [
    1.0, 0.0, 0.0,
    0.0, 1.0, 0.0,
    0.0, 0.0, 1.0
  ]

projection_matrix:
  rows: 3
  cols: 4
  data: [
    456.1012268066406, 0.0, 371.705322265625, 0.0,
    0.0, 455.8420104980469, 242.5589599609375, 0.0,
    0.0, 0.0, 1.0, 0.0
  ]
